00000000 0001
00001000 0110
00010000 1000
00011000 0110
00000100 0100
00001100 0100
00010100 0100
00011100 0100
00100000 1010
00101000 0110
00110000 1000
00111000 0110
00100100 0100
00101100 0100
00110100 0100
00111100 0100
00000010 0010
00001010 0010
00010010 0010
00011010 0010
00000110 0010
00001110 0010
00010110 0010
00011110 0010
00100010 0010
00101010 0010
00110010 0010
00111010 0010
00100110 0010
00101110 0010
00110110 0010
00111110 0010
01000000 1100
01001000 0110
01010000 1000
01011000 0110
01000100 0100
01001100 0100
01010100 0100
01011100 0100
01100000 1010
01101000 0110
01110000 1000
01111000 0110
01100100 0100
01101100 0100
01110100 0100
01111100 0100
01000010 0010
01001010 0010
01010010 0010
01011010 0010
01000110 0010
01001110 0010
01010110 0010
01011110 0010
01100010 0010
01101010 0010
01110010 0010
01111010 0010
01100110 0010
01101110 0010
01110110 0010
01111110 0010
00000001 0000
00001001 0000
00010001 0000
00011001 0000
00000101 0000
00001101 0000
00010101 0000
00011101 0000
00100001 0000
00101001 0000
00110001 0000
00111001 0000
00100101 0000
00101101 0000
00110101 0000
00111101 0000
00000011 0000
00001011 0000
00010011 0000
00011011 0000
00000111 0000
00001111 0000
00010111 0000
00011111 0000
00100011 0000
00101011 0000
00110011 0000
00111011 0000
00100111 0000
00101111 0000
00110111 0000
00111111 0000
01000001 0000
01001001 0000
01010001 0000
01011001 0000
01000101 0000
01001101 0000
01010101 0000
01011101 0000
01100001 0000
01101001 0000
01110001 0000
01111001 0000
01100101 0000
01101101 0000
01110101 0000
01111101 0000
01000011 0000
01001011 0000
01010011 0000
01011011 0000
01000111 0000
01001111 0000
01010111 0000
01011111 0000
01100011 0000
01101011 0000
01110011 0000
01111011 0000
01100111 0000
01101111 0000
01110111 0000
01111111 0000
10000000 1110
10001000 0110
10010000 1000
10011000 0110
10000100 0100
10001100 0100
10010100 0100
10011100 0100
10100000 1010
10101000 0110
10110000 1000
10111000 0110
10100100 0100
10101100 0100
10110100 0100
10111100 0100
10000010 0010
10001010 0010
10010010 0010
10011010 0010
10000110 0010
10001110 0010
10010110 0010
10011110 0010
10100010 0010
10101010 0010
10110010 0010
10111010 0010
10100110 0010
10101110 0010
10110110 0010
10111110 0010
11000000 1100
11001000 0110
11010000 1000
11011000 0110
11000100 0100
11001100 0100
11010100 0100
11011100 0100
11100000 1010
11101000 0110
11110000 1000
11111000 0110
11100100 0100
11101100 0100
11110100 0100
11111100 0100
11000010 0010
11001010 0010
11010010 0010
11011010 0010
11000110 0010
11001110 0010
11010110 0010
11011110 0010
11100010 0010
11101010 0010
11110010 0010
11111010 0010
11100110 0010
11101110 0010
11110110 0010
11111110 0010
10000001 0000
10001001 0000
10010001 0000
10011001 0000
10000101 0000
10001101 0000
10010101 0000
10011101 0000
