100000000000000000000000000000000000 1111111111111111111111111111111111 0000000000000000000000000000000000
110000000000000000000000000000000000 0000000000000000000000000000000000 0000000000000000000000000000000000
000000000000001000000000000000000100 1111111111111111111111111111111111 0000000000000000000000000000000000
010000000000001000000000000000000100 0000000000000000000000000000000000 0000000000000000000000000000000000
000000000000001000000000000000000110 1111111111111111111111111111111111 0000000000000000000000000000000000
010000000000001000000000000000000110 0000000000000000000000000000000000 1000000000000000000000000000000000
ERROR: line 7
000000000000001000000000000000000110 1111111111111111111111111111111111 1000000000000000000000000000000000
010000000000001000000000000000000110 0000000000000000000000000000000000 0000000000000000000000000000000000
000000000000001000000000000000000110 1111111111111111111111111111111111 0000000000000000000000000000000000
010000000000001000000000000000000110 0000000000000000000000000000000000 0000000000000000000000000000000000
000000000000001000000000000000000110 1111111111111111111111111111111111 0000000000000000000000000000000000
010000000000001000000000000000000110 0000000000000000000000000000000000 0000000000000000000000000000000000
000000000000001000000000000000000110 1111111111111111111111111111111111 0000000000000000000000000000000000
010000000000001000000000000000000110 0000000000000000000000000000000000 0000000000000000000000000000000000
000000000000001000000000000000000110 1111111111111111111111111111111111 0000000000000000000000000000000000
010000000000001000000000000000000110 0000000000000000000000000000000000 0000000000000000000000000000000000
000000000000001000000000000000000110 1111111111111111111111111111111111 0000000000000000000000000000000000
010000000000001000000000000000000110 0000000000000000000000000000000000 0000000000000000000000000000000000
000000000000001000000000000000000110 1111111111111111111111111111111111 0000000000000000000000000000000000
010000000000001000000000000000000110 0000000000000000000000000000000000 0000000000000000000000000000000000
000000000000001000000000000000000110 1111111111111111111111111111111111 0000000000000000000000000000000000
010000000000001000000000000000000110 0000000000000000000000000000000000 0000000000000000000000000000000000
000000000000001000000000000000000110 1111111111111111111111111111111111 0000000000000000000000000000000000
010000000000001000000000000000000110 0000000000000000000000000000000000 0000000000000000000000000000000000
000000000000001000000000000000000110 1111111111111111111111111111111111 0000000000000000000000000000000000
010000000000001000000000000000000110 0000000000000000000000000000000000 0000000000000000000000000000000000
000000000000001000000000000000000110 1111111111111111111111111111111111 0000000000000000000000000000000000
010000000000001000000000000000000110 0000000000000000000000000000000000 0000000000000000000000000000000000
000000000000001000000000000000000110 1111111111111111111111111111111111 0000000000000000000000000000000000
010000000000001000000000000000000110 0000000000000000000000000000000000 0000000000000000000000000000000000
000000000000001000000000000000000110 1111111111111111111111111111111111 0000000000000000000000000000000000
010000000000001000000000000000000110 0000000000000000000000000000000000 0000000000000000000000000000000000
000000000000001000000000000000000110 1111111111111111111111111111111111 0000000000000000000000000000000000
010000000000001000000000000000000110 0000000000000000000000000000000000 0000000000000000000000000000000000
000000000000001000000000000000000110 1111111111111111111111111111111111 0000000000000000000000000000000000
010000000000001000000000000000000110 0000000000000000000000000000000000 0000000000000000000000000000000000
000000000000001000000000000000000110 1111111111111111111111111111111111 0000000000000000000000000000000000
010000000000001000000000000000000110 0000000000000000000000000000000000 0000000000000000000000000000000000
000000000000001000000000000000000110 1111111111111111111111111111111111 0000000000000000000000000000000000
010000000000001000000000000000000110 0000000000000000000000000000000000 0000000000000000000000000000000000
000000000000001000000000000000000110 1111111111111111111111111111111111 0000000000000000000000000000000000
010000000000001000000000000000000110 0000000000000000000000000000000000 0000000000000000000000000000000000
000000000000001000000000000000000110 1111111111111111111111111111111111 0000000000000000000000000000000000
010000000000001000000000000000000110 0000000000000000000000000000000000 0000000000000000000000000000000000
000000000000001000000000000000000110 1111111111111111111111111111111111 0000000000000000000000000000000000
010000000000001000000000000000000110 0000000000000000000000000000000000 0000000000000000000000000000000000
000000000000001000000000000000000110 1111111111111111111111111111111111 0000000000000000000000000000000000
010000000000001000000000000000000110 0000000000000000000000000000000000 0000000000000000000000000000000000
000000000000001000000000000000000110 1111111111111111111111111111111111 0000000000000000000000000000000000
010000000000001000000000000000000110 0000000000000000000000000000000000 0000000000000000000000000000000000
000000000000001000000000000000000110 1111111111111111111111111111111111 0000000000000000000000000000000000
010000000000001000000000000000000110 0000000000000000000000000000000000 0000000000000000000000000000000000
000000000000001000000000000000000110 1111111111111111111111111111111111 0000000000000000000000000000000000
010000000000001000000000000000000110 0000000000000000000000000000000000 0000000000000000000000000000000000
