100000000000000000000000000000000000 0000000000000000000000000000000000 1111111111111111111111111111111111
110000000000000000000000000000000000 0000000000000000000000000000000000 0000000000000000000000000000000000
000000000000001000000000000000000100 0000000000000000000000000000000000 1111111111111111111111111111111111
010000000000001000000000000000000100 0000000000000000000000000000000000 0000000000000000000000000000000000
000000000000001000000000000000000110 0000000000000000000000000000000000 1111111111111111111111111111111111
010000000000001000000000000000000110 0000000000000000000000000000000000 0000000000000000000000000000000000
000000000000001000000000000000000110 0000000000000000000000000000000000 1111111111111111111111111111111111
010000000000001000000000000000000110 0000000000000000000000000000000000 0000000000000000000000000000000000
000000000000001000000000000000000110 0000000000000000000000000000000000 1111111111111111111111111111111111
010000000000001000000000000000000110 0000000000000000000000000000000000 0000000000000000000000000000000000
000000000000001000000000000000000110 0000000000000000000000000000000000 1111111111111111111111111111111111
010000000000001000000000000000000110 0000000000000000000000000000000000 0000000000000000000000000000000000
000000000000001000000000000000000110 0000000000000000000000000000000000 1111111111111111111111111111111111
010000000000001000000000000000000110 0000000000000000000000000000000000 0000000000000000000000000000000000
000000000000001000000000000000000110 0000000000000000000000000000000000 1111111111111111111111111111111111
010000000000001000000000000000000110 0000000000000000000000000000000000 0000000000000000000000000000000000
000000000000001000000000000000000110 0000000000000000000000000000000000 1111111111111111111111111111111111
010000000000001000000000000000000110 0000000000000000000000000000000000 0000000000000000000000000000000000
000000000000001000000000000000000110 0000000000000000000000000000000000 1111111111111111111111111111111111
010000000000001000000000000000000110 0000000000000000000000000000000000 0000000000000000000000000000000000
000000000000001000000000000000000110 0000000000000000000000000000000000 1111111111111111111111111111111111
010000000000001000000000000000000110 0000000000000000000000000000000000 0000000000000000000000000000000000
000000000000001000000000000000000110 0000000000000000000000000000000000 1111111111111111111111111111111111
010000000000001000000000000000000110 0000000000000000000000000000000000 0000000000000000000000000000000000
000000000000001000000000000000000110 0000000000000000000000000000000000 1111111111111111111111111111111111
010000000000001000000000000000000110 0000000000000000000000000000000000 0000000000000000000000000000000000
000000000000001000000000000000000110 0000000000000000000000000000000000 1111111111111111111111111111111111
010000000000001000000000000000000110 0000000000000000000000000000000000 0000000000000000000000000000000000
000000000000001000000000000000000110 0000000000000000000000000000000000 1111111111111111111111111111111111
010000000000001000000000000000000110 0000000000000000000000000000000000 0000000000000000000000000000000000
000000000000001000000000000000000110 0000000000000000000000000000000000 1111111111111111111111111111111111
010000000000001000000000000000000110 0000000000000000000000000000000000 0000000000000000000000000000000000
000000000000001000000000000000000110 0000000000000000000000000000000000 1111111111111111111111111111111111
010000000000001000000000000000000110 0000000000000000000000000000000000 0000000000000000000000000000000000
000000000000001000000000000000000110 0000000000000000000000000000000000 1111111111111111111111111111111111
010000000000001000000000000000000110 0000000000000000000000000000000000 0000000000000000000000000000000000
000000000000001000000000000000000110 0000000000000000000000000000000000 1111111111111111111111111111111111
010000000000001000000000000000000110 0000000000000000000000000000000000 0000000000000000000000000000000000
000000000000001000000000000000000110 0000000000000000000000000000000000 1111111111111111111111111111111111
010000000000001000000000000000000110 0000000000000000000000000000000000 0000000000000000000000000000000000
000000000000001000000000000000000110 0000000000000000000000000000000000 1111111111111111111111111111111111
010000000000001000000000000000000110 0000000000000000000000000000000000 0000000000000000000000000000000000
000000000000001000000000000000000110 0000000000000000000000000000000000 1111111111111111111111111111111111
010000000000001000000000000000000110 0000000000000000000000000000000000 0000000000000000000000000000000000
000000000000001000000000000000000110 0000000000000000000000000000000000 1111111111111111111111111111111111
010000000000001000000000000000000110 0000000000000000000000000000000000 0000000000000000000000000000000000
000000000000001000000000000000000110 0000000000000000000000000000000000 1111111111111111111111111111111111
010000000000001000000000000000000110 0000000000000000000000000000000000 0000000000000000000000000000000000
000000000000001000000000000000000110 0000000000000000000000000000000000 1111111111111111111111111111111111
010000000000001000000000000000000110 0000000000000000000000000000000000 0000000000000000000000000000000000
000000000000001000000000000000000110 0000000000000000000000000000000000 1111111111111111111111111111111111
010000000000001000000000000000000110 0000000000000000000000000000000000 0000000000000000000000000000000000
000000000000001000000000000000000110 0000000000000000000000000000000000 1111111111111111111111111111111111
010000000000001000000000000000000110 0000000000000000000000000000000000 0000000000000000000000000000000000
