1001000 1 0
1101000 0 0
0001000 1 0
0101000 0 0
ERROR: line 5
0000101 1 1
0100101 0 0
0011011 1 0
0111011 0 0
0010111 1 0
0110111 0 0
0000001 1 0
0100001 0 0
0010011 1 0
0110011 0 0
0011011 1 0
0111011 0 0
0001001 1 0
0101001 0 0
0001110 1 0
0101110 0 0
0011011 1 0
0111011 0 0
0000010 1 0
0100010 0 0
0001111 1 0
0101111 0 0
0010010 1 0
0110010 0 1
0001110 1 0
0101110 0 0
0011011 1 0
0111011 0 0
0001001 1 0
0101001 0 0
0001110 1 0
0101110 0 0
0011011 1 0
0111011 0 0
0001101 1 0
0101101 0 0
0010101 1 0
0110101 0 0
0001101 1 0
0101101 0 0
1000000 1 0
1100000 0 0
1000000 1 0
1100000 0 0
0000010 1 0
0100010 0 0
0000001 1 0
0100001 0 0
0001001 1 0
0101001 0 0
0011011 1 0
0111011 0 0
0001000 1 0
0101000 0 0
ERROR: line 59
0000101 1 1
0100101 0 0
0011011 1 0
0111011 0 0
0001011 1 0
0101011 0 0
0001110 1 0
0101110 0 0
ERROR: line 67
0000101 1 1
0100101 0 1
0010111 1 0
0110111 0 0
0011011 1 0
0111011 0 0
0010100 1 0
0110100 0 0
0001000 1 0
0101000 0 0
0000001 1 0
0100001 0 0
0010100 1 0
0110100 0 0
0011011 1 0
0111011 0 0
0001001 1 0
0101001 0 0
0010100 1 0
0110100 0 0
0011011 1 0
0111011 0 0
0000110 1 0
0100110 0 0
0000101 1 1
0100101 0 0
0001100 1 0
0101100 0 0
0010100 1 0
0110100 0 0
0011011 1 0
0111011 0 0
0000111 1 0
0100111 0 0
0001111 1 0
0101111 0 0
0001111 1 0
0101111 0 0
0000100 1 0
0100100 0 0
0011011 1 0
0111011 0 0
0010101 1 0
0110101 0 0
0001110 1 1
0101110 0 0
0001001 1 0
0101001 0 0
0010100 1 0
0110100 0 0
ERROR: line 117
0000101 1 1
0100101 0 0
0011011 1 0
0111011 0 0
0001111 1 0
0101111 0 0
0000110 1 0
0100110 0 0
0011011 1 0
0111011 0 0
ERROR: line 127
0000101 1 1
0100101 0 0
ERROR: line 129
0010010 1 1
0110010 0 0
0010010 1 0
0110010 0 1
0001111 1 0
0101111 0 0
ERROR: line 135
0010010 1 0
0110010 0 1
0010011 1 0
0110011 0 0
0001000 1 0
0101000 0 0
ERROR: line 141
0000101 1 1
0100101 0 0
0011011 1 0
0111011 0 0
0010111 1 0
0110111 0 0
0000001 1 0
0100001 0 0
0010011 1 0
0110011 0 0
0011011 1 0
0111011 0 0
0001001 1 0
0101001 0 0
0001110 1 0
0101110 0 0
0011011 1 0
0111011 0 0
0000010 1 0
0100010 0 0
0001111 1 0
0101111 0 0
0010010 1 0
0110010 0 1
0001110 1 0
0101110 0 0
0011011 1 0
0111011 0 0
0001001 1 0
0101001 0 0
0001110 1 0
0101110 0 0
0011011 1 0
0111011 0 0
0001101 1 0
0101101 0 0
0010101 1 0
0110101 0 0
0001101 1 0
0101101 0 0
0000010 1 1
0100010 0 0
0000010 1 0
0100010 0 0
0001111 1 0
0101111 0 0
0001101 1 0
0101101 0 0
0000010 1 1
0100010 0 0
0001011 1 0
0101011 0 0
0001110 1 0
0101110 0 0
0001001 1 0
0101001 0 0
0000110 1 0
0100110 0 0
0000101 1 1
0100101 0 1
0000111 1 0
0100111 0 0
0010101 1 0
0110101 0 0
0001110 1 1
0101110 0 0
0010100 1 0
0110100 0 0
ERROR: line 209
0000101 1 1
0100101 0 1
0010010 1 0
0110010 0 1
ERROR: line 213
0010010 1 1
0110010 0 0
0001111 1 0
0101111 0 0
0010010 1 1
0110010 0 0
