1001000 0 1
1101000 0 0
0001000 0 1
0101000 0 0
0000101 0 1
0100101 0 0
0011011 0 1
0111011 0 0
0010111 0 1
0110111 0 0
0000001 0 1
0100001 0 0
0010011 0 1
0110011 0 0
0011011 0 1
0111011 0 0
0001001 0 1
0101001 0 0
0001110 0 1
0101110 0 0
0011011 0 1
0111011 0 0
0000010 0 1
0100010 0 0
0001111 0 1
0101111 0 0
0010010 0 1
0110010 0 0
0001110 0 1
0101110 0 0
0011011 0 1
0111011 0 0
0001001 0 1
0101001 0 0
0001110 0 1
0101110 0 0
0011011 0 1
0111011 0 0
0001101 0 1
0101101 0 0
0010101 0 1
0110101 0 0
0001101 0 1
0101101 0 0
1000000 0 1
1100000 0 0
1000000 0 1
1100000 0 0
0000010 0 1
0100010 0 0
0000001 0 1
0100001 0 0
0001001 0 1
0101001 0 0
0011011 0 1
0111011 0 0
0001000 0 1
0101000 0 0
0000101 0 1
0100101 0 0
0011011 0 1
0111011 0 0
0001011 0 1
0101011 0 0
0001110 0 1
0101110 0 0
0000101 0 1
0100101 0 0
0010111 0 1
0110111 0 0
0011011 0 1
0111011 0 0
0010100 0 1
0110100 0 0
0001000 0 1
0101000 0 0
0000001 0 1
0100001 0 0
0010100 0 1
0110100 0 0
0011011 0 1
0111011 0 0
0001001 0 1
0101001 0 0
0010100 0 1
0110100 0 0
0011011 0 1
0111011 0 0
0000110 0 1
0100110 0 0
0000101 1 1
0100101 1 0
0001100 0 1
0101100 0 0
0010100 0 1
0110100 0 0
0011011 0 1
0111011 0 0
0000111 0 1
0100111 0 0
0001111 0 1
0101111 0 0
0001111 0 1
0101111 0 0
0000100 0 1
0100100 0 0
0011011 0 1
0111011 0 0
0010101 0 1
0110101 0 0
0001110 1 1
0101110 1 0
0001001 0 1
0101001 0 0
0010100 0 1
0110100 0 0
0000101 0 1
0100101 0 0
0011011 0 1
0111011 0 0
0001111 0 1
0101111 0 0
0000110 0 1
0100110 0 0
0011011 0 1
0111011 0 0
0000101 0 1
0100101 0 0
0010010 0 1
0110010 0 0
0010010 0 1
0110010 0 0
0001111 0 1
0101111 0 0
0010010 1 1
0110010 1 0
0010011 0 1
0110011 0 0
0001000 0 1
0101000 0 0
0000101 0 1
0100101 0 0
0011011 0 1
0111011 0 0
0010111 0 1
0110111 0 0
0000001 0 1
0100001 0 0
0010011 0 1
0110011 0 0
0011011 0 1
0111011 0 0
0001001 0 1
0101001 0 0
0001110 0 1
0101110 0 0
0011011 0 1
0111011 0 0
0000010 0 1
0100010 0 0
0001111 0 1
0101111 0 0
0010010 0 1
0110010 0 0
0001110 0 1
0101110 0 0
0011011 0 1
0111011 0 0
0001001 0 1
0101001 0 0
0001110 0 1
0101110 0 0
0011011 0 1
0111011 0 0
0001101 0 1
0101101 0 0
0010101 0 1
0110101 0 0
0001101 0 1
0101101 0 0
0000010 1 1
0100010 1 0
0000010 0 1
0100010 0 0
0001111 0 1
0101111 0 0
0001101 0 1
0101101 0 0
0000010 1 1
0100010 1 0
0001011 0 1
0101011 0 0
0001110 0 1
0101110 0 0
0001001 0 1
0101001 0 0
0000110 0 1
0100110 0 0
0000101 1 1
0100101 1 0
0000111 0 1
0100111 0 0
0010101 0 1
0110101 0 0
0001110 1 1
0101110 1 0
0010100 0 1
0110100 0 0
0000101 0 1
0100101 0 0
0010010 0 1
0110010 0 0
0010010 0 1
0110010 0 0
0001111 0 1
0101111 0 0
0010010 1 1
0110010 1 0
