0101010011101000 0001001101001100 1111011100000000 1100110010001100 1101111111011000 0000101110010100 1011100101000000 0110111111101100 0000001111011100
0100100010001110 0001111001100101 0000001111101100 0011001011111100 1100011100001001 1111111011101100 1110011101100100 0000110010111111 0000000011111011
1010111110011110 0111000000000010 1100101101000110 1001000100110010 1110100110110010 0001011000100000 0100001001100000 0111001011000110 0000000101100010
1110100000100101 1001000110000110 1100100011110110 0000110111011100 0011101011100111 1001100001110100 0000110111011100 1001100001110100 0000001101110111
1110010000111001 0101111111000110 1001101110000011 0110101100100101 1000101000110111 1011000010100111 1001000101101100 1011111111011110 0000000000101001
1001000000111110 0100010101100000 0010101001111110 0100010010000010 1011010001100000 1001010011011110 0111010000110100 0010010111011110 0000000001001010
1110101011010100 1110010110100010 1000000011011000 0111101110100110 0010111111001100 1010011101001010 0101010000101010 0101101001100110 0000000100001010
0011000000110110 0000001000110001 1110101001111011 0111000111110100 0110001010011101 0111101010111000 0000111101010111 0011011011001001 0000001000110001
1000000001100110 1001001010100101 0000001101100001 0100010110011011 1101011000111001 0100000110001101 1111010010100010 1011010111001001 0000000010101101
1101000100011111 1100101000010001 0111011001101011 0001011010101101 0001111110111111 0100101010010100 1000011010001011 1101100010101110 0000000010000001
0101001010010101 0011011000001001 0101010110100100 0100001101001010 1000110010110010 0110001011100101 0010010110111001 1011011110000100 0000000100000101
0100000111110100 1111011100010100 0101001110101100 0001000110111000 1000010111100000 0110101101001100 1110001001101000 0000111011000100 0000000011111100
1100010111010000 0001011100010100 0100000111110000 0111001101100100 1111101010010000 1100001010000100 0011101101011000 1011001000001000 0000001101001100
1101011010011001 1100001111001101 0100111111100011 1100001111001101 0111001001011001 1100010101011110 1101001101110111 0110011101100010 0000000110010001
0010001101010010 0011000000101010 1100001111011110 0101100111101000 0100100111011010 1101000010110110 1100001111011110 0110100111110110 0000001100110110
1100110011110110 1001000111110101 1000010110001001 0011010011001011 1010011110110010 0111100100011101 0000001100011011 0110111111001100 0000001100011011
0110100001011000 1110100111011000 1111000110000000 1110000110001000 0111010110110000 0111000001110000 0101001001111000 0001011111011000 0000000000111000
1101110100110100 0000001000111100 1101100010111100 1001010110110100 1101101011111000 0111101011100100 0010110010110000 1111010111001000 0000001000111100
1110111101011000 1010111111000000 1100101111001010 0010010001101100 1110100001101000 1010000010111000 0000100010101100 0101010110010000 0000000001001010
1000110111001001 0100000100100101 1101111001000010 1000110111001001 0110001110100010 1100001101101111 0110011101110111 1100001101101111 0000001111010101
0011101001011100 0111111001110010 1011100011001110 0011101001011100 0110011111000000 0001011010110010 1001100001100010 0110111000111100 0000001100111110
1001111000110111 1010100110101110 1101110000100000 0110011100101111 1010111001000100 0111001010100110 1000111000101010 0000001001001011 0000001001001011
0101000101001000 0111010101101000 0101001110001010 1011111111101010 1100011010110000 1010001010010000 0111011110101010 1001100110001000 0000001001000010
0001100001001000 0001101111000000 0111000000101000 1001011101111000 0000100000011000 0010101011001000 1111000010000000 0101101101011000 0000000100101000
0111000101111010 1001010001010111 1001001001001010 0111000011001011 0001011111101101 0000101011110000 0101101000111100 1010110110100010 0000000010101111
1111110100010110 0101001101000110 1111101101110100 1011011011100000 0111011100110010 0011000011111100 0010110110111000 0111000010101010 0000000110100010
1111100101110010 1010001101101110 0110000101111100 0110011100111000 0011100101011000 0011111100010100 0110010001011010 1111011010010100 0000001011011110
1000110111111110 0000001011010111 1101101010101011 0100011011111111 1111110010111111 1101010011111101 1001110000110001 1010010010110110 0000001011010111
0111110100101000 0111001010111010 0101011110011100 0111110100101000 0101101111001000 1101101100000110 1110100110100000 0001011011110010 0000001000010110
0101100111100010 0111000111011010 1010011111001000 0011001011101111 0010001111110100 1001111011001011 0111010011011001 1100101110111100 0000001011111111
1101001001101001 1101000100100101 0110110111001011 0010111100100101 1111110101110001 0000100111001111 1011001110111000 1110110011111101 0000000001010001
0010111110000000 1001010001110000 0100010001001000 1011010100011000 0010000010101000 1110011110010000 0111000011010000 1000101110001000 0000001011111000
1000011011010110 0011001100010011 1001111101011010 1111101101001001 0100000101100000 1000000010110101 0110101000111100 0100000101100000 0000001000001011
0000111000001100 1010100000011100 1110100000000000 0001001101111100 1101011001010100 0101000010101000 0110100110010100 1100111010100000 0000000001110100
0110110111000101 1010001110110001 1101111101100100 0110101111011000 1100100001001000 1010111100111111 1001010001001001 1000010011100001 0000000111101101
1001001101000010 0001000100101000 0010010100101100 1101101010111110 0101000101111110 1110111011000010 1010110011111110 1110101001111000 0000000101101110
0000010110101111 1100100011010010 1100111010000001 0101110011010101 1110000101110011 1001101101011010 0111111011101111 1010100010011101 0000000111100101
1011111100100100 1111001011100011 1000101110011001 1000010100110011 0111100111100000 1100110010001100 1110001010001001 1111110101001100 0000000000001101
1101010101001000 0011010111101000 1000110010100000 1001000101010000 1100001010001000 1000010110011000 0010110010001000 1000010110011000 0000001001011000
0101011001010101 0100111111010001 0011001001111111 0111001000000110 1111000100010100 0110000000011011 1001111000000001 1011100110110010 0000000110100001
0000100100001100 0000011011001001 0001111110101010 0100111100101001 0100011000011101 0011110100010001 1101111111101001 0100110011100110 0000001001000011
0110110101111010 1000001111000111 1010001000110000 1000110111101010 0111111110111001 1010011000111110 1111100101011101 0110111110000001 0000001000000111
1110100111110100 0000001011001001 0000100001011011 0000010110010010 0001011001001000 1110110010111101 0000010110010010 0010100111000111 0000001011001001
0110111010111011 1001101001011010 1011100010001101 1101001101100101 0010100001000100 0011010110110000 1010011111000110 1010010001101011 0000001101011011
1101011010100100 0011001011010110 1000010110101110 1000000111101010 0111011010011110 1011101001100110 1011101001100110 0010101101001110 0000000111100010
1100101001110001 0110100101000101 0111000101011110 1101110101010110 1011001000100110 0010110111100011 1011011110001100 1100001001011000 0000001010110011
0010000001110001 0010111100110000 1011111110110011 1110001100010111 1011001111100111 0011101011111100 0000101111001100 1100111001110010 0000001011110011
0101000010101111 1100110110101010 1111001000001101 0111100000111100 0000011001010100 1110011011111010 0001000101100111 0011010111001010 0000000110010101
1000101101010011 1110000101001000 0000111110000001 1110001001010110 1110100101100111 0000011101000111 1000011111110011 1110000000111010 0000000000011011
1101010001001111 1001010101100111 1101000110110000 1011101000011001 1111011001100010 0001111101110100 0001101000110110 0011000111001101 0000001010011111
0000101101111100 1001110011110100 1010110001000100 1000001000101000 1010010010011100 1011000000011000 0000101101111100 0101101111100000 0000001111010100
0010100001001101 0000001000011111 1100100110000001 1011011001101010 1010101111001111 1100000100000101 0101000010011010 1101110010011000 0000001000011111
1110101101101100 0010111101011010 0100111000010100 1101101010000000 1011000100111100 1111100000110000 1000101010100100 0010111110000000 0000000000100110
1001100000111001 1001110111110010 0000111011100001 1100010011011100 0110001001101110 1101001010011000 0111111100001011 0001110010011101 0000000100100101
0010010010000110 1001110011010110 1100000101011100 1011101011101010 1100000101011100 0110101101101100 0000010001001100 1000110111001100 0000001000100110
0111010101010001 1001110101000001 0111001011010010 1011110011011111 1010100000010010 0110111010101001 1110010011001111 1010100110111100 0000000011010101
1100001000000000 0000111000000000 0110110000000000 1101001000000000 0011010000000000 1011001000000000 1111011000000000 1101010000000000 0000001000000000
1101011001010100 1110001110010000 0101001000101000 1101100011101000 1010101110110100 1101101011001100 0111010000110000 1100011110001100 0000000000101100
0101110000110111 0101011010101100 1101101100110011 1110100101001111 0101110100111001 1011111111111101 0010111111011111 0110110011011000 0000000010000001
1000111100110100 1000101110001000 1011111011110000 0001110101100000 1101100010100100 1100001010011100 0110001100100100 1011111011110000 0000001110101100
1111011100111110 1001000001100000 0010101010110110 0110010001110110 1001010111001010 1101101011111000 1011001010101010 0110101100010100 0000000010011010
1110001010001010 0100111001010110 0000100001111000 0000101010010110 1110101100000010 1110100011100100 1101001110111000 1100011100000100 0000001000011110
1001000100110000 1011100000000000 1010011101111000 0001010011011000 0100010110111000 0010111101110000 1101000100101000 1100001110000000 0000000010111000
1011001010010010 1111011101111110 1110011111010100 0010010110011000 0111011100001100 0110010001000000 1111000100111010 0101010010010110 0000001100100010
1110100011000000 0011010001000000 1011011011100000 0100011101000000 0110000101100000 1100001011000000 1001101001100000 1011101110100000 0000001001100000
1000110100110110 1011010011000000 1000011110010000 1101001111010001 1101000011111110 1111101101011011 0010101001011101 0001011010011000 0000001011010011
0001101010111000 1010010111110000 0111011000100000 0000101101000000 0011101100010000 0100111011000000 0010111001101000 1110111100010000 0000000101101000
0010010111110101 0000101101101011 1110101111000100 0010010101010111 0001101111000110 0110101000101000 0100011101001001 1101111011001110 0000000001001111
0000001010000101 0110001111110001 0101100100000110 0000110101110000 1001011100101100 1010101101010100 1000000101010110 0010101110101100 0000000011010111
0110111101111000 0110101101100100 1101011011001000 0111000011010100 1011010011001100 0000101011100000 1010101101001000 1001011011100100 0000000101011100
1010110111101000 0000110100100000 1010101010100000 0011101100010000 1010010000010000 1110010110110000 1110001001101000 1111100101100000 0000001101001000
1100100000001100 0100001011110111 0101110100111110 1101100000100111 1110010011011110 1110010000000101 0111010011111010 0100100110111111 0000000011011001
1110001001010000 1111001111001001 1101000011010111 1001001101000101 0110110111010100 1001110001101100 0001001001001110 1001111111000000 0000000011010101
0011111011011100 0100001110000100 1001001010101100 0000011011111100 0110101100011000 1011000011110000 1000101110110000 1001011101010100 0000001001010100
1011111010110010 0111100101011010 1000101010110000 1010110101011100 1010010111101110 0110000010010110 0011010000000010 1000111110100100 0000001001111010
0111011100111000 0000101000111000 0001111010101000 0101010100101000 1100111111001000 0101010100101000 0101100010010000 0101101111111000 0000001101101000
1001110100001000 0011110011110000 1110010110110000 1010101100011000 0001110000100000 1101110001010000 0010111011100000 0110111000101000 0000001001011000
1001100000001000 1111010101101100 0000011010000100 1100110000101000 1000011010101000 0101000001011100 1110101010010000 0110000110111100 0000001000101100
0101101000111100 1101001010001100 1100011110011100 1000111000110000 0100000110100000 0110011111101000 1011111101101000 0010011001001000 0000001010111100
1001111000010110 0010011011010100 1100011110110000 0100010101010110 1111010000010000 0100100000011100 1110100011111000 1101100001010100 0000001011000110
1110010101010011 1100010011100101 0110000101001010 1011110111110010 1100101111011000 0101001101100100 1100111000101001 0111101011000101 0000001001010001
1100000001110010 0010111001011100 1000011000111010 0010101010010110 1011100011100110 1100100110011100 1001111110010000 1110100001010110 0000000010001010
1110011011111010 1011011010000000 0000010110110100 1001100111111100 1001010001001000 0001110010000100 1011110000110100 0110100110000010 0000001011011010
0000011100100110 1001011000011110 0000000101101110 1011000101001000 0100000001010110 1100001111011110 1001110101000100 1000100101000000 0000000101101110
0111100101101000 1010101010001100 0110101011110100 0011111110011000 0001000101011000 1011001100111000 0000100010101100 1100011101110100 0000001011100100
0001011110000000 0110110010110000 0101011101100100 1101101011011000 1000011111011100 1110000010111000 1111011101111100 0110110010110000 0000000010111100
1001101000101111 1000010101000111 1101000100010000 0100000101010101 1000011111100100 0110001101001110 1011100110001011 1110000010111110 0000001010011101
0001111111000110 0111110100100110 1100011110111000 1101001100010001 0101110110110011 1100010111000110 0000010110000011 1101000011001100 0000000001010011
1111101100101000 1000101110001000 0100010111000100 0001111101100101 1110001010111101 1110001010111101 1001010111111111 0011011111010000 0000001101111101
1110000101101010 1010011001001010 0101000101001100 1001101100110100 1100101100111110 1001101100110100 0010000101000010 0111110110100100 0000001110110010
1001110111011111 1001100010000101 0110101100001000 1101100010111101 0011010110000100 0100001011100101 0010010101110110 1011100010100001 0000001010101101
1111001010100001 0110000000111101 0001000001000100 1011101100001110 0110001011110011 1010101011001010 1000101001000010 0100101010001101 0000000101011011
1011100011000100 1111000000110010 1110100101111010 0100100000111010 1011101001110010 1010111010110000 1010111010110000 0100110101000100 0000000110101110
1101111110000110 1110011001001100 1110110100010010 1011101001000101 0000110110001100 0110010110011010 1000111000111110 1100011111010001 0000001101100011
1111010011111000 0000101011111000 0010100000111000 0000111010100000 0010101111100000 0011001100110000 1010111110000000 0001110101000000 0000001110101000
0001110101001110 1110101001110000 0001101010100100 1001001010000110 0000111111111100 1100011111001110 0101111111101000 0001101010100100 0000001010101010
0110101110110101 0101101010100101 1010001000011000 0110111111111001 0101110111011000 1000000100001001 1101111111110010 0001100110011000 0000000100010001
1000001011101100 1001111101111000 0001010010101100 0110100101010100 0010011001100100 1011001100101000 1100011011011000 1001010010100100 0000000011111100
0110100011001010 1100010101000000 0011011101111010 1000000101110010 1111001101111011 1010100110000011 1000101010110001 0011101010001111 0000001100010101
1000111001100010 0011100011110100 0110101110010100 0010010111111000 1100010000101100 1011011110000100 0001110001111010 0100010110011100 0000001100101010
