0110101110100000 0111001011010101 0110110000011011 1101000101111100 1011111100111010 1110111111000001 0011111001110110 0100100110000011 1110000111010010 1100100011010110 1111001100011110 1110010000111001 0100000011011101 1100010010000011 0111100000011110 1110010010110100 0000000001111011
0000001110100111 0101001000010010 0011110101110010 0100010011110111 0010001100111100 0100100000110000 0000111101000001 0001100111001000 0110011101010111 0101011001011110 0100100000110000 0100101000011111 0010000010101000 0000010111001101 0010101001010011 0000011110111100 0000000000110111
1001110110010010 0000010100010000 0101101101110001 0001100000001100 0111100111010001 0011100000000001 1000010111010111 0111011101001001 0011100011110100 1001001111000011 1010000100001101 0000001100101010 0011001011110001 0111010001110000 0000100100101101 0010111010000011 0000000001010001
0000000011110100 0000000001110010 0000000010000010 0000001001111010 0000001100110000 0000000111000110 0000001110110100 0000001100100010 0000000001110000 0000001110011110 0000000110011100 0000000000001110 0000001011100110 0000001100000000 0000001011010100 0000001001001100 0000000000000010
1100011101110100 0011101011111000 1010100010101011 1101010011100101 0011011000110011 0011111110111101 0111100000011011 0111100101101000 1001100100001111 1100011100000101 0100001100110101 0100110001010000 1100001010101111 0101110100111001 1101101010001000 1001110101100101 0000000001101111
1100101001100010 0011011111011100 0000000110111000 0111110010011100 0001101000110110 1000111000111010 0101011001011110 0011011100000000 0011000010001110 0001011001011000 0101000001011010 0001010101111100 0000010010111010 0101011001011110 1100001111110000 0100100111101000 0000000001101110
0110101000101100 0000001100001100 0011011001100000 0111011110001000 0011110100101100 0010111010100100 0110001000110100 0100110101011000 0011100111100100 0001111101101000 0100010110011100 0011111001011000 0100000010110000 0010010001010100 0011101010011000 0001100100010100 0000000000111100
0011100010111000 0100110110000000 0000100001110000 0100101110100000 0010110000111000 0000101010100000 0011110010100000 0010000010000000 0100011101000000 0100001010111000 0100111100111000 0100001001101000 0100101101111000 0100110110000000 0011101110110000 0100001111111000 0000000000101000
1011010110000000 0010000101100000 1000010000000000 0111110000100000 1010111011000000 0001000010000000 1010110000100000 0111100100100000 1000110010100000 0110100010100000 0000100100000000 1001010011100000 0000111100000000 0000000110000000 0011110100100000 1000111101000000 0000000001100000
0000011101111110 0000001101100100 0000010010011000 0001000010101110 0001101100101110 0001000110111000 0001011001000010 0001100000011110 0001000100101100 0000101111010000 0001011000011000 0000001101010110 0000000111111000 0000111110110010 0000010011010000 0000000011010010 0000000000001110
