0110001111000000 0100000001010000 0010011000010000 1001111001100000 0001111100010000 0100010100100000 1010001110100000 0100000001010000 1010010010000000 1011100000110000 1000010111100000 1011110101110000 0101011100010000 0001111000110000 1100001010110000 1000010000100000 0000000001110000
0011000011011011 0000100000011111 0000011000001111 0010001100110001 0000111001110000 0001100011100001 0100000101111100 0010001101010010 0100000101011011 0010111000000101 0011111000000001 0100000000010001 0010110011111101 0010111101001111 0000011011110110 0010001000001000 0000000000100001
0011110001110101 0101100111000101 0101001101111101 0011101001011101 0011101100100110 0111100100101101 0001100110100110 0110001111111010 0111100100101101 0010000011111010 1000001010011001 0101000110101000 0010100101011010 0111010111000110 0001101011110101 0000101001111000 0000000001000011
0010110001111001 1000101110110101 0001100001000010 1010010101010000 0101110000010111 1100000010110111 1000001010111001 0100001001111100 0001011101011100 1010101001000001 0111101100010110 0100010100101110 0000100011111100 0011010100000010 0010100111000111 0110100010101011 0000000001110011
0010000010110111 0010101100101111 0010011000110110 0111100001100100 0001001110100001 0001100110100110 0001110101010000 0000001111101101 0100011000100100 0001101001101111 0110011010011000 0010001101010101 0000011001001000 0100010100011000 0100000110110001 0111110010010100 0000000001000011
0011100110011111 0010110110100010 0001001101010110 0001001110011000 0011010001110111 0000110101101000 0011010011111011 0010100011111110 0011000001111000 0000101111011100 0000111001110000 0011111111110000 0000010100000111 0011011010000111 0001001011110011 0000110111101100 0000000000100001
0000110101110100 0000010100100100 0000110111010110 0001000101010110 0001100100011010 0001101001101010 0001010100011100 0000101001100100 0001101101100110 0000110011110110 0001011001000010 0001010111010010 0000101011100010 0000010000110110 0001011011001110 0000111000101010 0000000000001110
1001100100100100 0011101100010000 0000101101100100 1001110011110000 0111011011111000 1010100100101100 0100011101001100 0111111101101000 0100110110100000 0110100101111000 1101001010000100 0101011000010000 1011110000101000 1100001101010100 1011100001011100 1010000001010000 0000000001101100
0000101001111000 0000111100110000 0000011001010000 0000011011111000 0000111011010000 0000101000001000 0000111110001000 0000001101110000 0000011010110000 0000000111111000 0000011000011000 0000101001000000 0000010011111000 0000100011111000 0000101101101000 0000011111001000 0000000000001000
0000101111110100 0010000110010011 0010111111010000 0011000010110001 0001001100101001 0011100010011010 0001011111101000 0001111010010110 0011111010010100 0100001110000000 0100010101000010 0010010110011110 0001111111010001 0010110001001100 0001000010000110 0100101100111100 0000000000101101
0000110011111100 0001010111100100 0001001010101000 0000100000101000 0001001000110000 0000011100001000 0000101111011100 0000000100010100 0000101101110000 0000010001000100 0001011101100100 0001000101011000 0000000111010100 0000000100001000 0000101010100100 0000100000011100 0000000000001100
0010110101001000 0001101001101010 0111101111111100 0110110001011010 0101000111110000 0111110001000001 0010001000111011 0001100100010001 0100011110110010 0011001000100010 1000010010011100 0001000011111011 0110110100101001 0000111001001001 0101100100110111 0000000011001111 0000000001000101
1000010001010011 1010011101111011 0111100110010101 1000001011011100 0110101011101111 0010101011111000 0001111110111101 0100011101001010 0011110110000110 0101110001001001 1001000110000010 0110111101010100 0000111010100110 1100111110000101 1100001001010110 0001101011011011 0000000001111101
0100011010111101 0111010011110011 1001001111100000 0000111011101110 0001011001100101 1000101101011000 0010100110010111 0101110011000111 1000110000001110 0110011000000101 0110011001100000 0001101101011111 0010101001001101 0101100000101000 0000010011111010 0011111101000110 0000000001011011
0010111110101100 0000101010001100 0101000101101100 1000010001111000 0011101101111100 0110110011011000 1100111010111000 0111000000111000 0001101000101000 0001110110001000 1010000100101000 1101001111001000 0110001100100100 0111100010101000 0001011100110100 0000011110011000 0000000001101100
1011111000101101 1001111110101010 1101010001010100 0010011000001001 0011010111101011 0101010011011001 0010101111100011 1000110101000110 0101100111011101 1101000010010001 1001011110111001 0010101111100011 1011110000010110 0101100000110001 0101111001110110 1010010001000011 0000000001101011
0000110110010110 0010111101101000 0001110101111100 0000011111001110 0111011100011000 0010000011110100 0101011001101110 1000000000001110 0010010101001010 0101100100001000 0100010101100000 0100001100010000 0101000110000100 0010110111110110 0111010101011100 0011100001011110 0000000001001010
0001101001001110 0000110001101110 0001010100011010 0010010101101111 0000100111010100 0100001111001001 0011001000000010 0100010111001111 0011011010100010 0011011001111101 0011010110011111 0010110101100010 0001110011000011 0000110110010110 0000001001010000 0000100000111101 0000000000100101
0110000100001011 0100101101101010 0000111010111101 0000011101000110 0100111001111010 0011111011001000 0100011111000111 0100101011010111 0000100011111111 0100111111010001 0001100011100010 0011111001100110 0001011110001011 0011101001100001 0100110010010000 0101100101100011 0000000000110001
0001110001111101 0010010001011010 0000111110011001 0010100011111110 0011011000100100 0001111011110000 0010111000100110 0011011100001011 0000011110011011 0001111001101100 0011011010101000 0100000100011001 0011101010100111 0001100100100011 0011110111100000 0010000010011101 0000000000100001
0110111000000000 1000000101100000 0011011100000000 0110100010110000 0110100001100000 0000101001010000 1001001111010000 0000011100110000 1000101001110000 1001010000100000 1001010110110000 0110100110100000 0001010101000000 1001000001100000 0011001111100000 0010000000110000 0000000001010000
0000100110100000 0011000010111010 1000101000001111 0100011000010101 0001010001110100 0111101100000101 0011110110101001 1000100111000010 1000100111000010 0000110001010101 0111000001111110 1000010100111111 0010010111100110 0000000110000001 0011110100001111 0101100100001000 0000000001001101
0101111101101100 0000000011111000 0111010001000000 1011100110000100 1100010110100000 1001000101010000 1101100010000100 0111111001101100 1110011010010000 1111001100101000 0101011110101100 0111110101110100 0010010001010100 1101000101000000 1010011110011000 0011101000100000 0000000001111100
0101001100100110 0001011011100010 0001111101000100 0010001011100100 0001111111110010 0001110100000000 0000011010010010 0001111001011100 0110010011010010 0100110111110000 0010001000110110 0011000011110000 0100011110011000 0110100110010100 0101000001101110 0110101011110000 0000000000111010
1000011001010000 1000110111000000 1010011001000000 0101001010110000 1001111001100000 1100111010000000 0111110100100000 0100000100110000 1100101100000000 0111010110110000 0001010010010000 0010000110110000 1010100111000000 1101101100110000 0011101111110000 1101011001100000 0000000001110000
0111010111100011 0011110110001111 0010111001000101 0000111001111100 0101101101010101 0010100101110001 1010110100000010 1011010111011100 0100010110011011 0100001011001010 0001110011111000 1000100001100101 0100011110011110 1001101101001110 0110111010100101 1100101100101111 0000000001100111
0010010110011001 0101111010001000 0000111111100110 0001100111001000 0010100000101101 0001100000010000 0101111111010010 0011010011011010 0000010110010110 0001101011011011 0101001100100101 0010111010011111 0100000010101011 0001111001001011 0101011011001100 0101111011110110 0000000000110111
0000001011111000 0000010100101000 0000010100010100 0000011111001100 0000011010100100 0000011110001000 0000001010101000 0000011110010100 0000000100010100 0000001111110000 0000010000011000 0000000000101100 0000010110111100 0000010000100000 0000001101101000 0000010111011100 0000000000000100
0001100001100000 0011001000010010 0000011110111000 0011001001100000 0000111101110000 0000100110001100 0001101011010000 0001010011101100 0001000001011010 0000000100000100 0010111111010110 0000010011000110 0001001011100100 0010110111101000 0000111110001010 0010011101001110 0000000000011010
1001100110010000 0100111101000101 1000100100110110 0011111011101011 0011011111001111 0000111101001001 0000110110000010 0010100111110010 1001100111101011 0111111000110001 0001011000001010 1000101011111101 0010111010010001 0101000100001100 0001101001001110 1010000101100010 0000000001011011
0010000101011101 1011101111010111 0100110110110010 1001011011010010 1001000011100001 0100001110100100 1000001010110110 1000011101001000 0110110001010001 0001010111110000 0000110110110110 0000100100100100 1110001100100101 1101010101101111 0101101111011101 1001101101100100 0000000001110101
0000100101101100 0111101001111100 0001101100111000 0010001010001100 0101000011011111 0000101110000100 0110100000101010 0100000111110100 0101100000110011 0011111010001101 0101101000001000 0010001111011011 0010101111111000 0010010001100001 0001101010110010 0110100001101101 0000000001000011
0001001001010100 0010011101110010 0010110111010010 0010001101010100 0011100101100000 0100001011001110 0001100101011110 0000110100100110 0001011101100000 0001100110100010 0001011110100100 0001110000000110 0100000010001100 0010001000000000 0010100011101000 0001100110100010 0000000000100010
0101101101011111 0111110101011100 0011001100110100 1000110011001111 1000011000110000 0010111110101100 0100100110110111 1100100110111001 0101110100100011 0000001000110101 0010000110001100 0100110011001110 0010000010101010 0100100101000110 0010001111000001 1001111000000110 0000000001110001
0011111111001010 0011001111011101 0110111100110111 0100001111110011 0110001000101110 0001000101111001 0010101010110110 0000100001010010 0111100000010111 0111111001111000 0010111010011000 1000001101110110 0101100001111001 0110011100101100 0111101110110010 0110111001100010 0000000001000111
0111000110001110 0110001101110100 0111011011000000 0000000100011101 0000110000111111 0001000100010010 1000011101110011 0001101101110110 1001011001001011 0101111010100001 0100000010010010 0011000110111010 0010110011100111 0110011001101100 0100101011110110 0100011101000000 0000000001011111
0000110001110110 0010111101011010 0010110111000100 0001001111110000 0011000001000010 0010011010111110 0100010100011010 0110111001010110 0101100100001010 0000000010101110 0000000101011100 0110111111101100 0000010100110110 0101101010100000 0111000100001110 0001111011010000 0000000000111010
0001000110000100 0001000011101100 0001000111110110 0100101011010000 0001100011110000 0100000010010010 0010000010101000 0011001111001110 0000101010110000 0011100110111110 0000110110000010 0010010010101010 0001011111000000 0011101101100000 0100010010111010 0001111011100000 0000000000100110
0000000110010110 0010101010011000 0001101101101010 0000001111011010 0001100011101100 0001011110010000 0001011001010001 0000001111011010 0001101110100100 0011011000100110 0001111000111111 0001101101101010 0000010111000111 0010100110010011 0011100111000110 0010101110000000 0000000000011101
0000100111100000 0010011000100000 0001001110000000 0010000100100000 0000111101100000 0000110110100000 0001110100000000 0010011001000000 0000110010100000 0000111010100000 0000000100100000 0010010111000000 0001001101000000 0001100011100000 0011010100000000 0010111110000000 0000000000100000
0010010001011101 0001001001100100 0100000100110100 0000111100001100 1001110110010011 0011011110010111 1001000000110011 0111000101000101 0110000101100011 0010111110100110 0111100100110110 0111010111011110 0010001100011100 0100110001111101 1010110111100000 1011011101111101 0000000001101011
1000101000101100 0010000001100000 0000010000001100 0111011110101100 0001111010100100 0010100111101010 0001001000110110 0100010110101010 0001100100100110 0101111101100100 0010010110010100 0101010101000110 0000111010111110 0011011001011000 0111101011011010 0000011011110000 0000000001001010
0011000100111000 0000001100001100 0010001011101100 0010011111011000 0000001101001000 0001010000101000 0010001011101100 0101010000100100 0010010101000100 0101001010000000 0100011101111100 0011000010000100 0100001110111100 0111000000001000 0010111010100100 0110011110011000 0000000000111100
1000111010011000 0000010010010010 0110010010001100 1010101011101110 1001101101100100 1001000101010110 0001111000101010 0000111110001010 0111010010001011 1010101000000100 0000111000101011 1100000111001000 1011111111110100 0101001110100011 0010010111101111 0001111111111110 0000000001110101
1001000100101100 1010111111100110 1100011000101010 0100010101111000 1100111111110110 0111001000000000 1011100001011100 1100011000101010 0001111001001000 1100110011011000 1000110100101010 0000010111001010 0001110010000000 0010011110100010 1010100110101010 0111111000000110 0000000001110010
0001010000100000 1011101101000000 1100101000100000 0110101100110000 0000010101000000 1100111011110000 0100011000000000 0110101001010000 1101001001110000 1000010000100000 0000111011100000 0000101111010000 0001010111100000 1000111100010000 1101110011110000 0011000010010000 0000000001110000
0111000001100010 0011001010010110 0001001000001100 0011001100100010 0111101000111010 0100111101001100 0100000010001000 0010001111010010 0111101100001100 0010110100011110 0001100111111010 0000110001001110 0010110110101010 0101001011011010 0100110101100010 0001100001010110 0000000001000110
0101000011100101 0000001110101000 1000011110111101 0011100010101100 0100101011110100 0011110011001001 0011111110000111 0101010100000010 0111010000010110 1000101101100101 0101001010111001 0101000011100101 0010100000111000 0101000001110000 0000101000001110 0110111110000100 0000000001110101
0000100101000111 0000000100001110 0000010100100011 0000010101101001 0000011011101010 0000011110000000 0000011111011111 0000001101101011 0000100110000011 0000001000100110 0000000101010100 0000100111111011 0000100011001111 0000011001110111 0000011001001111 0000100111111011 0000000000000101
0111010101111000 1001111000101000 0101110100110000 0010001101110000 0010001100011100 1010000011001000 0010011101100000 1001110110000000 1000101001111000 1000000001001100 0101100111101000 0010100100000100 1010001000011000 0000010101000000 0001001110110000 0001010100000000 0000000001010100
0101111001110010 1000111010010010 0000011111010010 0100100101100100 0001001000001100 0000001010110101 0100101001001011 1001001100010101 0101101000111100 0101101101110000 0000010110110111 0100111011001110 0011111100101010 0100000011111000 0101101110111101 0011010000001001 0000000001001101
0000000010101110 0000101001101000 0000100111101010 0000011000110000 0000011001100110 0000101000100000 0000010111000100 0000011110000110 0000011110111100 0000010001000100 0000001010111000 0000001010011010 0000001101101100 0000000001111110 0000011000010010 0000101101111100 0000000000000110
0000110000100001 0001010100011000 0010011000101110 0010100111111010 0000011000111001 0001101011100101 0010110011101110 0010101010110111 0001111100000010 0010111101110110 0010011111111001 0010001001111101 0000000000110110 0010111000010111 0011000011110000 0001000000111110 0000000000011011
0010000110100010 0100010001100011 0100100111111110 0000010011110111 0010100010000101 0001011010010101 0010110101111100 0100110111111111 0000101110110001 0101000100110011 0011001100010111 0000100101110011 0001000100100011 0000100011001111 0100101000100111 0010011100111101 0000000000101001
0000000111101010 0000000111011100 0000000011010100 0000000001011010 0000001110101110 0000001010100010 0000000101110110 0000000010110100 0000000011101010 0000001010100110 0000000011011000 0000001001001010 0000001011110110 0000001100111000 0000001010111010 0000000011100110 0000000000000010
0000101101101110 0010001101111010 0010010100011100 0001000001111010 0001000110010111 0001110111010110 0010000100011010 0010010001110001 0001111100000110 0000101110100111 0000110010001011 0001001101001100 0001101011011110 0001011100010101 0001010111100101 0000110110010101 0000000000010011
1001111000100000 1011111011101011 0001000100010010 0010011111111011 1010010011011101 0011111001110001 0011001011000011 0001010010101010 0101110010001010 0101111001010110 1100010110101000 1010111001001100 0011110100011000 0110101001110111 0010011111111011 1011010010010110 0000000001110011
0110011100101100 0110100001100010 0010001100011110 0100111101110000 0011011001000000 0101000000101010 0000100100110100 0010110010010000 0011111000111110 0100011010111000 0110000010100010 0011011111110010 0101000001101000 0110001000010110 0111100010011100 0000001011101000 0000000000111110
1000010011111111 0001000001001011 0100011110011101 0100000001101010 1011010100011110 0100101010100101 1010110000000110 1011101000001011 1001000010111110 0110110110000001 0001100010100001 0000110110100100 0110001101000110 1010010000010001 0111100110100001 0100100011000000 0000000001100001
0000010010100110 1101101111011111 0100111101111101 0111001011010001 1011001000001001 0110001101111010 1100000101100000 1011000010100100 0100001111011110 0000100101001100 1110010010110100 1011001010000000 0110101101100001 0010110100010111 0101101100011100 0001000100110011 0000000001110111
0110000011111111 1000000101010100 1000100110101100 0101001111001001 0010010010000001 0111001001100001 0101011110011100 0110010001111001 0111010111011011 0000111111111110 0111111011100101 0000000110111101 1010000101010000 1000101111000010 1000011110010110 0011110111100010 0000000001011001
0111001010100100 0100000110110100 0000110010110000 0110101100101010 0100111111111010 0100000001011000 0100010100011010 0110011010100010 0010111000111000 0010111110010100 0010111110010100 0101101111111100 0010010001000000 0000000010101110 0011010110110010 0110010100001100 0000000000111010
0101111110100000 0010100000001011 0011001100000000 0011100111111001 0101100101110011 0000111100100100 0001001111101100 0010110100000110 0100010101010100 0010111000111000 0000010010010101 0001100011100111 0100010010001000 0000011100101100 0100110101111111 0011100110010011 0000000000110011
0101110101101000 0001111001000011 0101100101011011 0011001110110101 0011110000001100 0011100110101010 0001010010111011 0101001111100000 0001101011101101 0011001110110101 0011100110101010 0101001100101001 0011101110010010 0010111101101011 0000110010100001 0101100110011000 0000000000111101
1000101001101001 0000100100010101 1000011001101010 0101110001000110 0100000101100100 0010011110011001 0111101111100001 0000110001011010 0111111000001111 0101111011010001 0001010001011000 0010001000100110 0001011000101001 0011111110010011 1010001000000110 0011100010101100 0000000001011101
0000001110011100 0000001110000000 0000000110111000 0000000111111000 0000001110111000 0000001010001100 0000001010111000 0000000101000110 0000000111000010 0000001010101010 0000000000010010 0000000010000100 0000001111100010 0000000000111100 0000001010010110 0000000111001100 0000000000000010
0001101000011000 0001100110001100 0001111010100000 0001011000110000 0001101101101100 0001111000111100 0001101011001100 0001001001110000 0010011010011000 0001000010111000 0010000110011000 0001001011000000 0001001110001000 0000100100100100 0000110110011000 0000110110011000 0000000000010100
0011010101100000 0001101110010000 0011000111100000 0011000000100000 1011110010010000 1001111011010000 1011110111100000 1000100011110000 0001111111110000 1010011100100000 0000111111000000 0000011101110000 0000101010000000 1001010011000000 0111010011010000 1001101001110000 0000000001110000
0000001101010110 0100011101111100 0100111000101000 1110111100111100 1100001111011110 0001101110100100 0011010111011010 1101100011010110 1011001110101010 1110001111001100 1110101101101100 1000001010010100 0100110100110100 0111001111001110 1101011001110100 0011101110010010 0000000001111010
1011111100100010 0001010011101011 1011101010011111 0011000100111000 0001000110100011 0101001101000011 0000011101100010 1000011000011111 0111010110110111 0100000001100101 1000101000111001 0000111111111111 0000011000100111 1011010001111000 0001010010000010 0010111001011001 0000000001101001
0000010101100001 0001100001000010 0000100011011100 0000111101100110 0001111000101010 0011010001101011 0001111101101110 0010011100100001 0000011101000111 0011000011010101 0010100010110110 0010100010011011 0000010100010000 0001110101101101 0000001010001000 0001100110100001 0000000000011011
0010110010110101 0011001001110011 0010011000000010 0010111101110001 0000100001111010 0000101010101010 0000000010101111 0011010101110101 0011011110100101 0000001001010011 0010010100001101 0000101100110110 0000001010011001 0010000111000101 0000010001100000 0010100010111110 0000000000100011
0000011000110000 0000000110011000 0000011000000100 0000000100111100 0000010000111100 0000011010000100 0000010010011000 0000010111001000 0000001010000100 0000001001101000 0000011001100100 0000000110011000 0000000110101000 0000010000000000 0000011110000000 0000001110001100 0000000000000100
0000100011000000 0010000001101100 0000110010101000 0000011011100000 0010011100100100 0001010111100000 0001011101001000 0001111100000100 0010000011100100 0000000101000000 0010001110001100 0000010101111000 0001111010001100 0001001010011000 0010001100000000 0000100001001000 0000000000010100
0011100000100111 0110000010010101 0000101001010101 0011001011000011 1010110000001101 1001111100000110 0001110011000000 0010010101001001 0010100001101110 1101010011101110 0101000101001111 0111011101111110 1101100111011111 1110010000110100 0011001110101001 0100111000101010 0000000001110011
0000001001001001 0000001110101011 0000000100001000 0000000011011011 0000001101100110 0000001110101000 0000000101010110 0000010010001100 0000001010001000 0000010001011001 0000000111011101 0000001111100111 0000001110111010 0000001011111010 0000000000011000 0000000000011011 0000000000000011
0111000101110000 1100111100000110 0110010000110100 1011000011000110 0000100000001001 0111111010101100 0101000011010011 1100101001001100 0100110000011001 0000111100100000 0101010100010100 0110001101000010 1000011110100111 1110000000001010 1100111000010100 1011110100010000 0000000001111001
0001010010110100 0000101010001100 0001101011110100 0011100010100100 1100010001111100 1000010110011000 0101101100000100 0011001110010000 1000110100000100 0001001110001000 0101001011010000 1100010011100000 0101010011000100 1001011100101100 1010101101111100 0011111000011100 0000000001100100
0000111010100110 0001010101110010 0001100111010111 0000111011000100 0001100111001000 0000110001001110 0001100010001101 0000011011001100 0001101111110011 0000100000110100 0000010111111010 0000101100000100 0000100000110100 0001100000110011 0001110010011000 0000011010111101 0000000000001111
0011011111010001 0000011001010001 0010111001101000 0010001111010110 0001111010001101 0011110010010110 0000111010010001 0100000001010011 0000010101001001 0001111001101100 0001001100110101 0010111011101100 0011111000000001 0010100100011111 0001100111001000 0011100010010111 0000000000100001
0110111001010011 0100001100110010 0010100001000101 0000111001001100 0100100100100111 0110000100111000 0011001011111110 0101100101011011 0011011010010001 0100011100000010 0010101010100111 0110111100001010 0110010001010001 0011110001001001 0100100110100001 0110000001000100 0000000000111101
0001001111011011 0000101111011100 0001000001000011 0010101101100101 0010000110110001 0000101111110011 0010001000001101 0001110101100001 0000100111111001 0001100111110111 0001101000100101 0000001000101000 0000000010111000 0010110010111110 0010010101001001 0010000100111110 0000000000010111
0001111101110100 0111011111100010 0110110111010100 0101011011100010 0000000101001010 0001011101110110 0111111011011000 1000000100101010 0100000010110110 0001100001111110 0001111011110000 0011010011011010 0000010101101010 0101011001011110 0001000011000010 0110100000101000 0000000001000010
0110010000010111 0011110011001001 0111101011110001 0011010101111001 1100011110111001 1110000011011100 0010001110100110 1110011101000010 1100101111010110 1000110011000100 0111000011100011 1110000001100111 1100101000000010 0110010100000001 1100111101111110 0111000111001101 0000000001110101
0000110111000011 0000100101001011 0000101010110111 0000100111001101 0000110001001010 0001100101110001 0000000010011100 0000111000011110 0001010111100011 0001010011101100 0001000110010010 0000011110011110 0000011111111001 0000110111010000 0000110110001111 0001010100111010 0000000000001101
0010100011010100 0001000010011011 0011111110000111 0000001100001100 0011000000100100 0001101101101100 0010001110100110 0000101011010001 0011110011110000 0010100101001001 0000100101110010 0011010100000100 0010000001001100 0011000001110010 0010011111000011 0011001111001100 0000000000100111
0100011010001100 0011000000001010 0011111100101000 0000111011001000 1010100101010000 0000000001010110 0011101011001010 0011101000011110 0110111110001000 0100001100110000 0000010100001010 1000100101100110 1010101110101010 0000001101011100 0110101011010100 1000100110111100 0000000001010110
0101001000010001 0100110000000010 0001110111101101 0000001111011011 0010101010011000 0010100010010011 0011110011000101 0001001001011100 0010101011110110 0000011011111010 0000011010011100 0000011110000111 0100100111111101 0001011101010001 0000100011010000 0100001110010000 0000000000101111
1101101101010000 0100010111110100 0011101000100011 0100000011000001 0000000101101011 0001100110000110 0110101101001011 0110111010011010 0111011010100011 0101000011010011 0000100000001001 0001110111000111 0101010010011011 0111100101111001 1010010000000011 0010000000100100 0000000001111001
0000011111001011 1011001011010100 1100111010111000 1000011101011010 0000001000001101 0110011111000101 1000001001101110 0110101111011111 0111011000100000 0010011101100000 1011010000001111 0101001110101100 0111100010010110 0101001001110001 0111011011110010 1010001100111110 0000000001101001
0111000000101110 0011100110110110 0100111100011100 0011010000110011 0011101100000010 0111010100001011 0111001101101100 0001011010110010 0010110110110111 0110011000100001 1000101001110001 0100011110100111 1000111001010101 0101000010111011 1001110011101100 0000100110111010 0000000001010011
0000001111000001 0011001100011010 0001101001000111 0011000000010011 0011001101011000 0010011110011001 0001000110001111 0011010010101101 0000011011001000 0001011000001010 0000011101000100 0001011110011101 0000010110010010 0010110110100111 0011001001100000 0010010110101001 0000000000011111
0000000000100100 0000001110100010 0000101000000010 0000101011111110 0000100000101000 0000001100110110 0000000000110000 0000010011011010 0000010111101000 0000101101011000 0000010000010100 0000011000001100 0000101000010100 0000100111001100 0000100101100110 0000000010101110 0000000000000110
0101110000011000 0001110001110000 0101011010100000 0110011000101000 0000010101111000 0101000001001000 0101110011000000 0001111001101000 0011010000010000 0001001001100000 0001101001000000 0010010001010000 0101010101010000 0101010100011000 0110111010110000 0011110010011000 0000000000111000
0000010101000000 1101001011100000 1010111111100000 0111001000110000 1011010110010000 1010011010110000 0111110001000000 0011110001100000 0101100011010000 0110010100010000 0101110001010000 0101000101100000 0110000001000000 1100000111010000 1010000100000000 1010101111110000 0000000001110000
0010111011100101 0010101101010111 0000100001010111 0001001001110101 0100001000101100 0001111001011010 0001000001000101 0010101100010001 0000011110101000 0100000100110111 0000110101000011 0011110101100011 0000011110000101 0010111100101011 0010011010110001 0010110001101111 0000000000100011
0001111011011000 0010111011010000 0100100111110000 0101001000001000 0010101010101000 0011100100011000 0100100110111000 0011100010101000 0110001010101000 0101011000110000 0001100000010000 0101011010100000 0010010100110000 0001001011010000 0101111000010000 0110100001011000 0000000000111000
0001010000011100 0001000110111000 0000100100000000 0001010111110000 0000000001100000 0000111000010000 0001000111110100 0000000011011000 0000110110001100 0000100001011000 0001001110001100 0000101111011100 0000100011011100 0000011000111100 0001011000100000 0000011011100100 0000000000001100
0011000101110111 0111101100000010 0100010011010101 0000100111110010 0001011100001000 0010010010100100 0000010101111111 0111010000110100 0111011000001001 0100011011101101 0101100111000101 0111110110100000 0000111000100010 0001001010010101 0111011111011110 0000011100010001 0000000001000011
0111000100110100 0011001100110000 0001101010010100 0111001000110000 1101110101111100 1000011001011110 1010110001000100 1001001110101000 1010010101100000 0010101101010000 0101100100010110 0111101010001110 0110111100111100 0110111001000000 1000000011110100 0001100000011110 0000000001111110
0101100100110010 0011100100111011 0000000011110101 0011110101110001 0010011101101110 0000100100110000 0101101001011000 0101000101011001 0101111010111111 0010010110000100 0101010000111000 0110000001111000 0011010001110010 0101010100101101 0010010001011110 0100101001110101 0000000000110001
0001101011001100 0100011101011110 0001001101101010 1000101000010110 0011001100100010 0000110010010100 0110000111100100 0110001110001000 1000000110011100 0001001000001100 0100101010100110 0111111100100110 0001101010000110 1000100101000100 0001111011100110 0101110001101100 0000000001000110
0000001001000000 0001000000000000 0001010111010000 0000010001010000 0001110010110000 0000110001100000 0001100001000000 0001001011100000 0001011110100000 0001001101110000 0000010111000000 0000111001110000 0001011001100000 0000000010100000 0000101101010000 0001011010110000 0000000000010000
0001011101110110 0001001010110001 0001111100110010 0001010011000001 0001000101000110 0010000110000100 0010100011011101 0010101010101011 0000111010110010 0001101000001010 0011100011111010 0011100001110110 0000011001110010 0010110001011000 0001101001101101 0001001000101101 0000000000100001
0000111001011000 0010111100100101 0010110101110101 0000111011011111 0001100110100001 0000110101001010 0010111101110110 0001010001110110 0000110010101000 0000111111010010 0011000010000100 0001100101010000 0001011001011100 0010001101010101 0010001111011100 0001001110111001 0000000000011011
0000001101001000 0000011010011110 0000010101011100 0001010001001010 0000011111111100 0001101100000100 0000110100101110 0000010011000010 0000110100111100 0000101101101110 0000111010011010 0000011101111110 0000100110010010 0000101011000110 0000001100101100 0000001110101010 0000000000001110
1010010101001011 1001011010000111 1000000100110011 1100110001000010 0101111111111010 0010100010011011 0000000100111011 1001001110101000 0101101010100101 0000010110111110 0111101111011110 1000001101000000 1000000001100001 0101011011110100 0011111100101010 0110100010010111 0000000001101001
0001010100011110 0000001110111000 0001100110110011 0000100000011010 0000010000101111 0010000000000010 0000100010010001 0001010000001110 0000000010011001 0000111111011111 0001110111100010 0001110010001110 0010000110011010 0000011010110101 0000001110111000 0000010001000000 0000000000010001
0000001101001110 0000011111110010 0000100001011000 0000010100110100 0000011000001100 0000011010000100 0000001001000000 0000010011111110 0000011000011110 0000011101001010 0000011110000110 0000101010111100 0000011101001010 0000010011100110 0000000011101010 0000100101011010 0000000000000110
0000101111011100 1000000011101000 0000101111011100 0111111101011100 0100011000100000 0000011011110110 0011110011011000 0011111111110000 0010011101110010 0000101011010100 0111001000110110 0111101011111010 0110000001101100 0100001010000100 0010101111010100 0000001001010010 0000000001000010